epoch	vram_used_bytes
1783976562	62198591488
1783976572	45629210624
1783976582	45320749056
1783976592	45320749056
1783976602	45320749056
1783976612	45320749056
1783976622	45320749056
1783976632	45320749056
